359 1
282 1
351 1
361 1
25 1
235 1
88 1
9 1
315 1
313 1
276 1
140 1
133 1
55 1
176 1
382 1
355 1
194 1
118 1
99 1
316 1
13 1
354 1
284 1
221 1
62 1
116 1
162 1
188 1
136 1
328 1
127 2
278 2
52 2
254 2
210 2
310 2
158 2
173 2
196 2
143 2
168 2
241 2
193 2
112 2
332 2
285 2
40 2
185 2
138 2
383 2
105 2
357 2
137 2
362 2
229 2
187 2
358 2
236 2
104 2
64 3
129 3
12 3
216 3
352 3
54 3
61 3
163 3
142 3
115 3
117 3
22 3
119 3
314 3
100 3
259 3
379 3
309 3
327 3
206 4
70 4
66 4
224 4
338 4
94 4
356 4
4 4
186 4
274 4
44 4
280 4
86 4
41 4
114 4
368 5
307 5
293 5
130 5
97 5
68 5
57 5
248 5
381 5
132 5
208 5
360 5
290 5
124 6
59 6
340 6
251 6
177 6
303 6
353 6
325 6
220 6
139 6
85 6
217 6
195 6
8 6
17 7
126 7
203 7
222 7
305 7
42 7
286 7
200 7
172 7
156 7
113 7
266 7
102 7
2 7
373 8
123 8
300 8
78 8
183 8
281 8
7 8
380 8
265 8
275 8
252 9
238 9
257 9
155 9
28 9
96 9
283 9
1 9
181 9
167 9
63 9
141 9
77 10
343 10
84 10
264 10
110 10
147 10
295 10
135 10
345 10
219 10
213 10
53 10
334 11
223 11
65 11
205 11
175 11
146 11
107 11
73 11
215 11
299 11
279 11
273 11
26 11
337 11
134 11
198 12
301 12
89 12
253 12
45 12
209 12
23 12
174 12
192 12
237 13
378 13
30 13
98 13
69 13
260 13
297 13
270 13
214 13
15 13
249 13
159 13
197 13
374 14
199 14
38 14
151 14
20 14
170 14
131 14
225 14
79 14
154 14
32 14
16 14
166 15
385 15
49 15
346 15
111 15
128 15
230 15
178 15
318 15
76 15
33 15
247 16
341 16
125 16
27 16
95 16
207 16
226 16
10 16
312 16
191 17
240 17
308 17
39 17
232 17
201 17
211 17
165 17
144 17
51 17
331 18
364 18
294 18
18 18
256 18
339 18
347 18
50 18
323 18
302 18
35 18
106 18
120 18
244 18
3 18
291 19
204 19
306 19
72 19
344 19
150 19
324 19
333 19
228 19
231 19
296 20
109 20
321 20
271 20
48 20
91 20
157 20
269 20
245 21
376 21
365 21
366 21
36 21
180 21
369 22
329 22
37 22
169 22
322 22
227 22
218 23
363 23
149 23
14 23
242 23
60 23
212 23
153 23
234 24
250 24
261 24
6 24
74 24
152 24
326 24
384 24
287 25
348 25
56 25
342 25
29 25
43 25
108 25
164 25
263 25
121 26
161 26
349 26
103 26
304 26
317 26
67 26
371 27
370 27
372 27
375 27
233 28
336 28
288 28
82 28
377 28
268 28
258 28
289 29
93 29
246 29
160 29
80 29
319 29
330 30
367 30
46 30
277 30
92 30
19 31
122 31
184 31
101 31
350 31
298 32
335 32
24 32
179 32
47 32
145 32
262 32
83 33
320 33
21 33
58 33
148 33
255 34
189 34
243 34
239 34
202 34
87 35
75 35
182 35
267 35
34 35
71 35
292 36
11 36
311 36
272 36
171 37
190 37
31 37
81 37
5 38
90 38
