134 1
115 1
106 1
98 1
61 1
37 1
84 1
66 1
103 1
6 1
8 1
26 1
22 1
25 1
76 1
107 1
58 1
109 1
32 1
128 1
35 1
114 1
67 1
80 1
96 1
11 1
2 1
88 1
125 1
14 1
28 1
49 1
44 1
5 1
19 1
81 1
59 1
48 1
113 1
41 1
119 1
16 1
4 1
68 1
43 1
1 1
120 1
38 1
9 1
71 1
42 1
117 1
121 1
87 1
92 1
75 1
65 1
27 1
118 1
24 1
111 1
105 1
23 1
40 1
39 1
15 1
31 1
17 1
86 1
129 1
56 1
110 1
29 1
3 1
63 1
21 2
116 2
126 2
51 2
102 2
82 2
73 2
64 2
93 2
47 2
53 2
132 2
10 2
46 2
104 2
50 2
83 2
13 2
124 2
79 2
108 2
34 2
55 2
127 2
30 2
122 2
60 2
137 3
85 3
78 3
77 3
90 3
91 3
100 3
130 3
133 3
12 3
112 3
97 3
69 3
62 3
52 3
45 3
72 4
20 4
99 4
123 4
94 4
74 5
70 5
131 5
18 6
54 6
101 6
136 7
33 7
57 7
89 8
95 8
7 8
135 9
36 10
138 11
